4 4
5 4
6 4
7 4
7 5
7 6
7 7
7 8
7 9
7 10
7 11
7 12
8 12
9 12
10 12
11 12
12 12
12 13
12 14
12 15
12 16
12 17
12 18
12 19
12 20
12 21
12 22
12 23
12 24
12 25
12 26
12 27
12 28
12 29
12 30
12 31
12 32
12 33
12 34
12 35
12 36
12 37
12 38
12 39
12 40
12 41
12 42
12 43
11 43
10 43
9 43
8 43
8 44
8 45
8 46
8 47
8 48
9 48
10 48
11 48
12 48
13 48
14 48
15 48
16 48
17 48
18 48
19 48
20 48
21 48
22 48
23 48
24 48
25 48
25 47
25 46
25 45
25 44
25 43
26 43
27 43
28 43
29 43
30 43
31 43
32 43
33 43
34 43
34 42
34 41
34 40
34 39
34 38
34 37
34 36
34 35
34 34
35 34
36 34
37 34
38 34
39 34
39 33
39 32
39 31
39 30
39 29
39 28
39 27
39 26
39 25
38 25
37 25
36 25
35 25
34 25
34 24
34 23
34 22
34 21
34 20
34 19
34 18
34 17
34 16
34 15
34 14
34 13
34 12
34 11
34 10
34 9
34 8
34 7
35 7
36 7
37 7
38 7
39 7
40 7
41 7
42 7
43 7
44 7
45 7
46 7
47 7
48 7
49 7
49 6
49 5
49 4
